Provenance:  nk=128 dt=300 ts=30 threads=None machine=waterman commit=88c0237
cpp ni
64, 877.49
128, 1460.60
256, 2009.42
512, 2734.31
1024, 3283.10
2048, 3747.83
4096, 3915.87
8192, 3964.19
fortran ni
64, 980.09
128, 2142.26
256, 3694.08
512, 4591.93
1024, 6895.62
2048, 8062.99
4096, 8780.28
8192, 8904.35
kokkos ni
64, 14189.11
128, 26594.64
256, 47424.97
512, 71930.32
1024, 98272.55
2048, 112806.39
4096, 121452.93
8192, 128713.96
pack ni
64, 17084.89
128, 31936.13
256, 55411.26
512, 72851.45
1024, 97199.81
2048, 117263.10
4096, 130404.33
8192, 136170.21
