Provenance:  nk=128 dt=300 ts=30 threads=96 machine=blake commit=217f7cf
cpp ni
64, 1619.23
128, 1904.76
256, 2278.59
512, 2653.54
1024, 2863.94
2048, 2892.25
4096, 2948.88
8192, 2911.16
fortran ni
64, 10587.26
128, 16040.10
256, 16623.38
512, 18417.27
1024, 18269.40
2048, 18450.45
4096, 18618.18
8192, 18832.18
kokkos ni
64, 11471.59
128, 11813.57
256, 16331.74
512, 16831.03
1024, 18369.36
2048, 18244.99
4096, 18135.93
8192, 18053.99
pack ni
64, 16524.66
128, 19367.53
256, 29173.79
512, 29994.14
1024, 33058.92
2048, 33568.27
4096, 33233.27
8192, 32992.35