Provenance:  nk=128 dt=300 ts=30 threads=272 machine=bowman commit=217f7cf
cpp ni
64, 171.49
128, 236.58
256, 314.84
512, 405.87
1024, 473.31
2048, 519.53
4096, 609.75
8192, 847.46
fortran ni
64, 2770.56
128, 5505.38
256, 10940.17
512, 10677.79
1024, 10513.35
2048, 10395.94
4096, 10317.38
8192, 10126.08
kokkos ni
64, 2048.33
128, 4219.55
256, 8333.33
512, 8583.40
1024, 8722.32
2048, 8784.04
4096, 8718.60
8192, 9020.54
pack ni
64, 7536.06
128, 15060.60
256, 29924.02
512, 32694.76
1024, 33623.38
2048, 33311.65
4096, 33601.31
8192, 34792.95