Provenance:  nk=128 dt=300 ts=30 threads=None machine=waterman commit=217f7cf
cpp ni
64, 1082.73
128, 1290.00
256, 2042.28
512, 2633.07
1024, 3403.12
2048, 3741.32
4096, 3908.40
8192, 3905.60
fortran ni
64, 890.74
128, 1797.75
256, 3386.24
512, 4853.08
1024, 6585.21
2048, 8359.18
4096, 8904.35
8192, 9031.97
kokkos ni
64, 13708.90
128, 27199.32
256, 46822.13
512, 72173.67
1024, 95344.51
2048, 113368.39
4096, 119382.10
8192, 126820.96
pack ni
64, 17441.07
128, 32100.31
256, 57079.15
512, 71593.37
1024, 98556.30
2048, 117734.98
4096, 128501.96
8192, 133224.91